1 28 58.93 82.19 40.22
1 84 86.94 81.44 46.32
1 35 66.36 86.52 40.24
1 46 51.09 83.43 44.72
1 61 51.32 84.11 48.83
1 42 51.86 81.63 49.35
1 80 73.39 89.82 49.52
1 37 83.90 88.44 48.12
1 87 67.95 81.31 44.80
1 93 90.75 86.40 45.26
1 78 85.96 89.67 49.36
1 62 52.75 88.57 49.40
1 94 72.99 82.85 40.87
1 83 64.30 89.83 44.96
1 25 67.29 82.87 49.21
1 48 87.83 81.55 43.08
1 85 92.64 87.40 41.10
1 108 84.56 88.80 45.87
1 50 60.27 82.22 41.72
1 102 98.68 83.61 48.38
1 22 84.76 84.00 42.30
1 52 91.56 80.71 49.74
1 19 99.99 87.98 40.15
1 56 62.70 85.24 42.65
1 11 52.01 88.71 41.12
1 26 85.12 87.84 40.26
1 34 83.61 89.19 42.25
1 54 62.85 89.91 45.23
1 65 62.34 82.25 44.50
1 89 90.11 88.78 41.36
1 86 73.49 83.44 48.22
1 68 93.92 84.07 49.82
1 79 91.30 84.70 49.85
1 30 58.76 87.81 44.20
1 23 77.12 80.06 49.60
1 20 94.95 89.23 40.25
1 41 93.30 83.01 45.03
1 100 55.74 84.84 45.82
1 58 61.23 89.33 49.78
1 32 93.82 83.10 40.45
1 29 72.43 87.23 42.46
1 27 87.95 85.46 41.57
1 109 94.11 81.85 47.47
1 43 66.09 83.77 41.45
1 31 97.81 86.48 46.10
1 40 96.22 82.10 46.33
1 71 56.04 85.37 44.50
1 33 99.35 81.06 48.52
1 63 98.23 83.86 41.06
1 53 54.37 86.25 43.83
1 96 87.22 85.51 47.75
1 70 72.95 88.34 43.75
1 24 94.98 81.89 41.60
1 66 60.82 82.84 43.73
1 106 58.89 81.78 40.93
1 21 60.70 83.52 46.72
1 88 57.22 80.13 49.48
1 47 57.55 83.61 41.82
1 92 63.05 84.97 48.38
1 59 58.34 86.27 44.73
1 45 78.03 87.88 42.78
1 103 66.31 86.16 40.97
1 81 94.18 81.83 47.76
1 97 81.44 87.38 46.00
1 101 69.38 88.93 46.58
1 72 74.60 86.44 40.47
1 57 64.30 88.24 40.76
1 15 99.81 86.83 45.06
1 82 81.94 84.33 48.44
1 17 75.74 85.69 42.96
1 14 74.16 83.74 45.97
1 10 88.72 82.43 45.31
1 67 88.60 81.89 46.95
1 105 86.83 88.53 48.99
1 104 55.72 86.01 40.36
1 76 63.08 88.75 42.51
1 16 64.09 83.05 43.27
1 51 62.80 82.56 48.45
1 73 50.20 88.42 44.36
1 18 77.34 86.02 41.89
1 91 94.81 81.96 44.59
1 99 97.19 83.42 41.78
1 90 58.89 81.09 45.79
1 39 57.12 88.72 40.21
1 49 98.59 89.93 42.79
1 95 73.74 89.14 45.56
1 98 81.35 83.08 46.03
1 13 61.44 86.74 41.27
1 75 50.54 85.17 45.87
1 44 57.92 87.59 46.66
1 69 81.89 88.86 47.03
1 77 82.90 82.48 42.10
1 36 79.56 84.17 48.23
1 74 64.10 83.80 45.95
1 107 56.31 89.70 42.28
1 64 56.41 84.66 46.94
1 38 77.01 83.99 41.77
1 55 93.71 82.53 46.75
1 12 89.23 89.59 44.26
1 60 59.16 81.13 48.88
